EDID BYTES:
0x   00 01 02 03 04 05 06 07 08 09 0A 0B 0C 0D 0E 0F
    ------------------------------------------------
00 | 00 FF FF FF FF FF FF 00 10 EC 00 00 00 00 00 00
10 | 02 1A 01 03 A1 33 1D 78 0A EC 18 A3 54 46 98 25
20 | 0F 48 4C 21 08 00 B3 00 D1 C0 81 80 81 C0 A9 C0
30 | 01 01 01 01 01 01 30 2A 00 98 51 00 2A 40 30 70
40 | 13 00 00 00 54 00 00 1E 00 00 00 FC 20 44 69 67
50 | 69 6C 65 6E 74 44 56 49 2D 30 00 00 00 10 00 00
60 | 00 00 00 00 00 00 00 00 00 00 00 00 00 00 00 10
70 | 00 00 00 00 00 00 00 00 00 00 00 00 00 00 00 3A
