00000000
11111111
11111111
11111111
11111111
11111111
11111111
00000000
00010000
11101100
00000000
00000000
00000000
00000000
00000000
00000000
00000010
00011010
00000001
00000011
10100001
00110011
00011101
01111000
00001010
11101100
00011000
10100011
01010100
01000110
10011000
00100101
00001111
01001000
01001100
00100001
00001000
00000000
10110011
00000000
11010001
11000000
10000001
10000000
10000001
11000000
10101001
11000000
00000001
00000001
00000001
00000001
00000001
00000001
00110000
00101010
00000000
10011000
01010001
00000000
00101010
01000000
00110000
01110000
00010011
00000000
00000000
00000000
01010100
00000000
00000000
00011110
00000000
00000000
00000000
11111100
00100000
01000100
01101001
01100111
01101001
01101100
01100101
01101110
01110100
01000100
01010110
01001001
00101101
00110000
00000000
00000000
00000000
00010000
00000000
00000000
00000000
00000000
00000000
00000000
00000000
00000000
00000000
00000000
00000000
00000000
00000000
00000000
00000000
00000000
00000000
00010000
00000000
00000000
00000000
00000000
00000000
00000000
00000000
00000000
00000000
00000000
00000000
00000000
00000000
00000000
00000000
00111010
