00000000
11111111
11111111
11111111
11111111
11111111
11111111
00000000
00010000
11101100
00000001
00000000
00000000
00000000
00000000
00000000
00100100
00011011
00000001
00000011
10000000
00110011
00011101
01111000
00001010
01101110
10100101
10100011
01010100
01001111
10011111
00100110
00010001
01010000
01010100
00100001
00001001
00000000
00000001
00000001
00000001
00000001
00000001
00000001
00000001
00000001
00000001
00000001
00000001
00000001
00000001
00000001
00000001
00000001
00000010
00111010
10000000
00011000
01110001
00111000
00101101
01000000
01011000
00101100
01000101
00000000
11111110
00100010
00010001
00000000
00000000
00011110
00000001
00011101
00000000
01110010
01010001
11010000
00011110
00100000
01101110
00101000
01010101
00000000
11111110
00100010
00010001
00000000
00000000
00011110
00000000
00000000
00000000
11111100
00000000
01000100
01000111
01001100
00100000
00110001
00110000
00111000
00110000
01010000
00100000
01000011
01000101
01000001
00000000
00000000
00000000
11111101
00000000
00010100
11110000
00001111
01111110
00010000
00000000
00001010
00100000
00100000
00100000
00100000
00100000
00100000
00000001
11011110
00000010
00000011
00001001
00000001
01000100
10010000
00000100
00000001
00000010
00000010
00111010
10000000
00011000
01110001
00111000
00101101
01000000
01011000
00101100
01000101
00000000
11111110
00100010
00010001
00000000
00000000
00011110
00000001
00011101
00000000
01110010
01010001
11010000
00011110
00100000
01101110
00101000
01010101
00000000
11111110
00100010
00010001
00000000
00000000
00011110
00110000
00101010
00000000
10011000
01010001
00000000
00101010
01000000
00110000
01110000
00010011
00000000
11111110
00100010
00010001
00000000
00000000
00011110
00000000
00000000
00000000
00000000
00000000
00000000
00000000
00000000
00000000
00000000
00000000
00000000
00000000
00000000
00000000
00000000
00000000
00000000
00000000
00000000
00000000
00000000
00000000
00000000
00000000
00000000
00000000
00000000
00000000
00000000
00000000
00000000
00000000
00000000
00000000
00000000
00000000
00000000
00000000
00000000
00000000
00000000
00000000
00000000
00000000
00000000
00000000
00000000
00000000
00000000
00000000
00000000
00000000
00000000
00000000
00000000
00000000
00000000
00000000
00000000
00000000
00000000
00000000
00000000
00111100
